Longitude: 2h 1m 10.8963330405s
Latitude: 59d 56m 32.498512113s
