Longitude: 2h 1m 10.8469454166s
Latitude: 59d 56m 31.695644373s
