X = 2892579.68109
Y = 1311946.74019
Z = 5512610.88584
Longitude: 1h 37m 35.268247866s
Latitude: 60d 13m 1.11180991083s
